0.0
 0.31395259764656686
 0.6266661678215213
 0.936906572928623
 1.243449435824274
 1.545084971874737
 1.8406227634233896
 2.1288964578253635
 2.4087683705085765
 2.679133974894983
 2.938926261462366
 3.1871199487434483
 3.422735529643443
 3.644843137107058
 3.852566213878946
 4.045084971874737
 4.221639627510076
 4.381533400219318
 4.524135262330098
 4.648882429441256
 4.755282581475767
 4.842915805643155
 4.911436253643443
 4.9605735065723895
 4.990133642141358
 5.0
 4.990133642141358
 4.960573506572389
 4.911436253643443
 4.842915805643156
 4.755282581475768
 4.648882429441256
 4.524135262330097
 4.381533400219317
 4.221639627510075
 4.045084971874737
 3.852566213878946
 3.644843137107057
 3.422735529643444
 3.187119948743449
 2.9389262614623664
 2.679133974894985
 2.408768370508578
 2.1288964578253644
 1.8406227634233907
 1.5450849718747375
 1.243449435824274
 0.9369065729286251
 0.6266661678215226
 0.3139525976465679
 6.123233995736766e-16
 -0.31395259764656674
 -0.6266661678215214
 -0.9369065729286239
 -1.2434494358242751
 -1.5450849718747386
 -1.8406227634233916
 -2.1288964578253613
 -2.408768370508575
 -2.6791339748949823
 -2.938926261462365
 -3.1871199487434483
 -3.4227355296434436
 -3.6448431371070567
 -3.852566213878947
 -4.045084971874736
 -4.2216396275100765
 -4.381533400219318
 -4.524135262330099
 -4.648882429441255
 -4.755282581475767
 -4.8429158056431545
 -4.911436253643443
 -4.960573506572389
 -4.990133642141358
 -5.0
 -4.990133642141358
 -4.9605735065723895
 -4.911436253643443
 -4.842915805643155
 -4.755282581475768
 -4.648882429441256
 -4.524135262330099
 -4.381533400219319
 -4.221639627510077
 -4.045084971874738
 -3.852566213878948
 -3.644843137107058
 -3.422735529643445
 -3.1871199487434483
 -2.938926261462367
 -2.679133974894982
 -2.4087683705085765
 -2.128896457825361
 -1.8406227634233936
 -1.5450849718747381
 -1.2434494358242767
 -0.9369065729286234
 -0.6266661678215233
 -0.3139525976465663
 6.123233995736766e-16
 -0.31395259764656674
 -0.6266661678215214
 -0.9369065729286217
 -1.243449435824273
 -1.5450849718747364
 -1.8406227634233896
 -2.1288964578253635
 -2.408768370508575
 -2.6791339748949823
 -2.938926261462365
 -3.1871199487434483
 -3.4227355296434436
 -3.6448431371070567
 -3.852566213878947
 -4.045084971874736
 -4.221639627510074
 -4.381533400219318
 -4.5241352623300966
 -4.648882429441257
 -4.755282581475767
 -4.8429158056431545
 -4.911436253643443
 -4.960573506572389
 -4.990133642141358
 -5.0
 -4.990133642141358
 -4.9605735065723895
 -4.911436253643443
 -4.842915805643155
 -4.755282581475768
 -4.648882429441258
 -4.524135262330098
 -4.3815334002193165
 -4.221639627510075
 -4.045084971874738
 -3.852566213878948
 -3.644843137107058
 -3.422735529643445
 -3.1871199487434483
 -2.938926261462367
 -2.6791339748949854
 -2.4087683705085805
 -2.128896457825365
 -1.8406227634233894
 -1.5450849718747381
 -1.2434494358242767
 -0.9369065729286279
 -0.6266661678215233
 -0.3139525976465663
 -1.2246467991473533e-15
 0.3139525976465639
 0.6266661678215208
 0.9369065729286253
 1.2434494358242745
 1.545084971874736
 1.840622763423391
 2.128896457825359
 2.4087683705085743
 2.679133974894983
 2.9389262614623646
 3.187119948743446
 3.422735529643443
 3.644843137107056
 3.852566213878946
 4.045084971874736
 4.221639627510076
 4.381533400219318
 4.524135262330098
 4.648882429441255
 4.755282581475767
 4.8429158056431545
 4.911436253643443
 4.960573506572389
 4.990133642141358
 5.0
 4.990133642141358
 4.9605735065723895
 4.911436253643443
 4.842915805643155
 4.755282581475768
 4.648882429441258
 4.5241352623301
 4.381533400219321
 4.22163962751008
 4.045084971874738
 3.8525662138789487
 3.644843137107055
 3.422735529643442
 3.1871199487434487
 2.938926261462367
 2.6791339748949863
 2.408768370508581
 2.1288964578253617
 1.840622763423398
 1.545084971874739
 1.2434494358242774
 0.9369065729286197
 0.6266661678215195
 0.3139525976465669
 6.123233995736766e-16
 -0.31395259764656674
 -0.6266661678215214
 -0.9369065729286217
 -1.243449435824273
 -1.5450849718747364
 -1.8406227634233896
 -2.1288964578253635
 -2.408768370508575
 -2.6791339748949823
 -2.938926261462365
 -3.1871199487434483
 -3.4227355296434436
 -3.6448431371070567
 -3.852566213878947
 -4.045084971874736
 -4.221639627510074
 -4.381533400219318
 -4.5241352623300966
 -4.648882429441257
 -4.755282581475767
 -4.8429158056431545
 -4.911436253643443
 -4.960573506572389
 -4.990133642141358
 -5.0
 -4.990133642141358
 -4.9605735065723895
 -4.911436253643443
 -4.842915805643155
 -4.755282581475768
 -4.648882429441258
 -4.524135262330098
 -4.3815334002193165
 -4.221639627510075
 -4.045084971874738
 -3.852566213878948
 -3.644843137107058
 -3.422735529643445
 -3.1871199487434483
 -2.938926261462367
 -2.6791339748949854
 -2.4087683705085805
 -2.128896457825365
 -1.8406227634233894
 -1.5450849718747381
 -1.2434494358242767
 -0.9369065729286279
 -0.6266661678215233
 -0.3139525976465663
 -1.2246467991473533e-15
 0.3139525976465639
 0.6266661678215208
 0.9369065729286253
 1.2434494358242745
 1.545084971874736
 1.840622763423391
 2.128896457825359
 2.4087683705085743
 2.679133974894983
 2.9389262614623646
 3.187119948743446
 3.422735529643443
 3.644843137107056
 3.852566213878946
 4.045084971874736
 4.221639627510076
 4.381533400219318
 4.524135262330098
 4.648882429441255
 4.755282581475767
 4.8429158056431545
 4.911436253643443
 4.960573506572389
 4.990133642141358
 5.0
 4.990133642141358
 4.9605735065723895
 4.911436253643443
 4.842915805643155
 4.755282581475768
 4.648882429441258
 4.5241352623301
 4.381533400219321
 4.22163962751008
 4.045084971874738
 3.8525662138789487
 3.644843137107055
 3.422735529643442
 3.1871199487434487
 2.938926261462367
 2.6791339748949863
 2.408768370508581
 2.1288964578253617
 1.840622763423398
 1.545084971874739
 1.2434494358242774
 0.9369065729286197
 0.6266661678215195
 0.3139525976465669
 6.123233995736766e-16
 -0.31395259764656674
 -0.6266661678215214
 -0.9369065729286217
 -1.243449435824273
 -1.5450849718747364
 -1.8406227634233896
 -2.1288964578253635
 -2.408768370508575
 -2.6791339748949823
 -2.938926261462365
 -3.1871199487434483
 -3.4227355296434436
 -3.6448431371070567
 -3.852566213878947
 -4.045084971874736
 -4.221639627510074
 -4.381533400219318
 -4.5241352623300966
 -4.648882429441257
 -4.755282581475767
 -4.8429158056431545
 -4.911436253643443
 -4.960573506572389
 -4.990133642141358
 -5.0
 -4.990133642141358
 -4.9605735065723895
 -4.911436253643443
 -4.842915805643155
 -4.755282581475768
 -4.648882429441258
 -4.524135262330098
 -4.3815334002193165
 -4.221639627510075
 -4.045084971874738
 -3.852566213878948
 -3.644843137107058
 -3.422735529643445
 -3.1871199487434483
 -2.938926261462367
 -2.6791339748949854
 -2.4087683705085805
 -2.128896457825365
 -1.8406227634233894
 -1.5450849718747381
 -1.2434494358242767
 -0.9369065729286279
 -0.6266661678215233
 -0.3139525976465663
 -1.2246467991473533e-15
 0.3139525976465639
 0.6266661678215208
 0.9369065729286253
 1.2434494358242745
 1.545084971874736
 1.840622763423391
 2.128896457825359
 2.4087683705085743
 2.679133974894983
 2.9389262614623646
 3.187119948743446
 3.422735529643443
 3.644843137107056
 3.852566213878946
 4.045084971874736
 4.221639627510076
 4.381533400219318
 4.524135262330098
 4.648882429441255
 4.755282581475767
 4.8429158056431545
 4.911436253643443
 4.960573506572389
 4.990133642141358
 5.0
 4.990133642141358
 4.9605735065723895
 4.911436253643443
 4.842915805643155
 4.755282581475768
 4.648882429441258
 4.5241352623301
 4.381533400219321
 4.22163962751008
 4.045084971874738
 3.8525662138789487
 3.644843137107055
 3.422735529643442
 3.1871199487434487
 2.938926261462367
 2.6791339748949863
 2.408768370508581
 2.1288964578253617
 1.840622763423398
 1.545084971874739
 1.2434494358242774
 0.9369065729286197
 0.6266661678215195
 0.3139525976465669
 6.123233995736766e-16
 -0.31395259764656674
 -0.6266661678215214
 -0.9369065729286217
 -1.243449435824273
 -1.5450849718747364
 -1.8406227634233896
 -2.1288964578253635
 -2.408768370508575
 -2.6791339748949823
 -2.938926261462365
 -3.1871199487434483
 -3.4227355296434436
 -3.6448431371070567
 -3.852566213878947
 -4.045084971874736
 -4.221639627510074
 -4.381533400219318
 -4.5241352623300966
 -4.648882429441257
 -4.755282581475767
 -4.8429158056431545
 -4.911436253643443
 -4.960573506572389
 -4.990133642141358
 -5.0
 -4.990133642141358
 -4.9605735065723895
 -4.911436253643443
 -4.842915805643155
 -4.755282581475768
 -4.648882429441258
 -4.524135262330098
 -4.3815334002193165
 -4.221639627510075
 -4.045084971874738
 -3.852566213878948
 -3.644843137107058
 -3.422735529643445
 -3.1871199487434483
 -2.938926261462367
 -2.6791339748949854
 -2.4087683705085805
 -2.128896457825365
 -1.8406227634233894
 -1.5450849718747381
 -1.2434494358242767
 -0.9369065729286279
 -0.6266661678215233
 -0.3139525976465663
 -1.2246467991473533e-15
 0.3139525976465639
 0.6266661678215208
 0.9369065729286253
 1.2434494358242745
 1.545084971874736
 1.840622763423391
 2.128896457825359
 2.4087683705085743
 2.679133974894983
 2.9389262614623646
 3.187119948743446
 3.422735529643443
 3.644843137107056
 3.852566213878946
 4.045084971874736
 4.221639627510076
 4.381533400219318
 4.524135262330098
 4.648882429441255
 4.755282581475767
 4.8429158056431545
 4.911436253643443
 4.960573506572389
 4.990133642141358
 5.0
 4.990133642141358
 4.9605735065723895
 4.911436253643443
 4.842915805643155
 4.755282581475768
 4.648882429441258
 4.5241352623301
 4.381533400219321
 4.22163962751008
 4.045084971874738
 3.8525662138789487
 3.644843137107055
 3.422735529643442
 3.1871199487434487
 2.938926261462367
 2.6791339748949863
 2.408768370508581
 2.1288964578253617
 1.840622763423398
 1.545084971874739
 1.2434494358242774
 0.9369065729286197
 0.6266661678215195
 0.3139525976465669
 0.0
 0.31395259764656686
 0.6266661678215213
 0.936906572928623
 1.243449435824274
 1.545084971874737
 1.8406227634233896
 2.1288964578253635
 2.4087683705085765
 2.679133974894983
 2.938926261462366
 3.1871199487434483
 3.422735529643443
 3.644843137107058
 3.852566213878946
 4.045084971874737
 4.221639627510076
 4.381533400219318
 4.524135262330098
 4.648882429441256
 4.755282581475767
 4.842915805643155
 4.911436253643443
 4.9605735065723895
 4.990133642141358
 5.0
 4.990133642141358
 4.960573506572389
 4.911436253643443
 4.842915805643156
 4.755282581475768
 4.648882429441256
 4.524135262330097
 4.381533400219317
 4.221639627510075
 4.045084971874737
 3.852566213878946
 3.644843137107057
 3.422735529643444
 3.187119948743449
 2.9389262614623664
 2.679133974894985
 2.408768370508578
 2.1288964578253644
 1.8406227634233907
 1.5450849718747375
 1.243449435824274
 0.9369065729286251
 0.6266661678215226
 0.3139525976465679
 6.123233995736766e-16
 -0.31395259764656674
 -0.6266661678215214
 -0.9369065729286239
 -1.2434494358242751
 -1.5450849718747386
 -1.8406227634233916
 -2.1288964578253613
 -2.408768370508575
 -2.6791339748949823
 -2.938926261462365
 -3.1871199487434483
 -3.4227355296434436
 -3.6448431371070567
 -3.852566213878947
 -4.045084971874736
 -4.2216396275100765
 -4.381533400219318
 -4.524135262330099
 -4.648882429441255
 -4.755282581475767
 -4.8429158056431545
 -4.911436253643443
 -4.960573506572389
 -4.990133642141358
 -5.0
 -4.990133642141358
 -4.9605735065723895
 -4.911436253643443
 -4.842915805643155
 -4.755282581475768
 -4.648882429441256
 -4.524135262330099
 -4.381533400219319
 -4.221639627510077
 -4.045084971874738
 -3.852566213878948
 -3.644843137107058
 -3.422735529643445
 -3.1871199487434483
 -2.938926261462367
 -2.679133974894982
 -2.4087683705085765
 -2.128896457825361
 -1.8406227634233936
 -1.5450849718747381
 -1.2434494358242767
 -0.9369065729286234
 -0.6266661678215233
 -0.3139525976465663
 0.0
 0.31395259764656686
 0.6266661678215213
 0.936906572928623
 1.243449435824274
 1.545084971874737
 1.8406227634233896
 2.1288964578253635
 2.4087683705085765
 2.679133974894983
 2.938926261462366
 3.1871199487434483
 3.422735529643443
 3.644843137107058
 3.852566213878946
 4.045084971874737
 4.221639627510076
 4.381533400219318
 4.524135262330098
 4.648882429441256
 4.755282581475767
 4.842915805643155
 4.911436253643443
 4.9605735065723895
 4.990133642141358
 5.0
 4.990133642141358
 4.960573506572389
 4.911436253643443
 4.842915805643156
 4.755282581475768
 4.648882429441256
 4.524135262330097
 4.381533400219317
 4.221639627510075
 4.045084971874737
 3.852566213878946
 3.644843137107057
 3.422735529643444
 3.187119948743449
 2.9389262614623664
 2.679133974894985
 2.408768370508578
 2.1288964578253644
 1.8406227634233907
 1.5450849718747375
 1.243449435824274
 0.9369065729286251
 0.6266661678215226
 0.3139525976465679
 6.123233995736766e-16
 -0.31395259764656674
 -0.6266661678215214
 -0.9369065729286239
 -1.2434494358242751
 -1.5450849718747386
 -1.8406227634233916
 -2.1288964578253613
 -2.408768370508575
 -2.6791339748949823
 -2.938926261462365
 -3.1871199487434483
 -3.4227355296434436
 -3.6448431371070567
 -3.852566213878947
 -4.045084971874736
 -4.2216396275100765
 -4.381533400219318
 -4.524135262330099
 -4.648882429441255
 -4.755282581475767
 -4.8429158056431545
 -4.911436253643443
 -4.960573506572389
 -4.990133642141358
 -5.0
 -4.990133642141358
 -4.9605735065723895
 -4.911436253643443
 -4.842915805643155
 -4.755282581475768
 -4.648882429441256
 -4.524135262330099
 -4.381533400219319
 -4.221639627510077
 -4.045084971874738
 -3.852566213878948
 -3.644843137107058
 -3.422735529643445
 -3.1871199487434483
 -2.938926261462367
 -2.679133974894982
 -2.4087683705085765
 -2.128896457825361
 -1.8406227634233936
 -1.5450849718747381
 -1.2434494358242767
 -0.9369065729286234
 -0.6266661678215233
 -0.3139525976465663
 0.0
 0.31395259764656686
 0.6266661678215213
 0.936906572928623
 1.243449435824274
 1.545084971874737
 1.8406227634233896
 2.1288964578253635
 2.4087683705085765
 2.679133974894983
 2.938926261462366
 3.1871199487434483
 3.422735529643443
 3.644843137107058
 3.852566213878946
 4.045084971874737
 4.221639627510076
 4.381533400219318
 4.524135262330098
 4.648882429441256
 4.755282581475767
 4.842915805643155
 4.911436253643443
 4.9605735065723895
 4.990133642141358
 5.0
 4.990133642141358
 4.960573506572389
 4.911436253643443
 4.842915805643156
 4.755282581475768
 4.648882429441256
 4.524135262330097
 4.381533400219317
 4.221639627510075
 4.045084971874737
 3.852566213878946
 3.644843137107057
 3.422735529643444
 3.187119948743449
 2.9389262614623664
 2.679133974894985
 2.408768370508578
 2.1288964578253644
 1.8406227634233907
 1.5450849718747375
 1.243449435824274
 0.9369065729286251
 0.6266661678215226
 0.3139525976465679
 6.123233995736766e-16
 -0.31395259764656674
 -0.6266661678215214
 -0.9369065729286239
 -1.2434494358242751
 -1.5450849718747386
 -1.8406227634233916
 -2.1288964578253613
 -2.408768370508575
 -2.6791339748949823
 -2.938926261462365
 -3.1871199487434483
 -3.4227355296434436
 -3.6448431371070567
 -3.852566213878947
 -4.045084971874736
 -4.2216396275100765
 -4.381533400219318
 -4.524135262330099
 -4.648882429441255
 -4.755282581475767
 -4.8429158056431545
 -4.911436253643443
 -4.960573506572389
 -4.990133642141358
 -5.0
 -4.990133642141358
 -4.9605735065723895
 -4.911436253643443
 -4.842915805643155
 -4.755282581475768
 -4.648882429441256
 -4.524135262330099
 -4.381533400219319
 -4.221639627510077
 -4.045084971874738
 -3.852566213878948
 -3.644843137107058
 -3.422735529643445
 -3.1871199487434483
 -2.938926261462367
 -2.679133974894982
 -2.4087683705085765
 -2.128896457825361
 -1.8406227634233936
 -1.5450849718747381
 -1.2434494358242767
 -0.9369065729286234
 -0.6266661678215233
 -0.3139525976465663
 6.123233995736766e-16
 -0.31395259764656674
 -0.6266661678215214
 -0.9369065729286217
 -1.243449435824273
 -1.5450849718747364
 -1.8406227634233896
 -2.1288964578253635
 -2.408768370508575
 -2.6791339748949823
 -2.938926261462365
 -3.1871199487434483
 -3.4227355296434436
 -3.6448431371070567
 -3.852566213878947
 -4.045084971874736
 -4.221639627510074
 -4.381533400219318
 -4.5241352623300966
 -4.648882429441257
 -4.755282581475767
 -4.8429158056431545
 -4.911436253643443
 -4.960573506572389
 -4.990133642141358
 -5.0
 -4.990133642141358
 -4.9605735065723895
 -4.911436253643443
 -4.842915805643155
 -4.755282581475768
 -4.648882429441258
 -4.524135262330098
 -4.3815334002193165
 -4.221639627510075
 -4.045084971874738
 -3.852566213878948
 -3.644843137107058
 -3.422735529643445
 -3.1871199487434483
 -2.938926261462367
 -2.6791339748949854
 -2.4087683705085805
 -2.128896457825365
 -1.8406227634233894
 -1.5450849718747381
 -1.2434494358242767
 -0.9369065729286279
 -0.6266661678215233
 -0.3139525976465663
 -1.2246467991473533e-15
 0.3139525976465639
 0.6266661678215208
 0.9369065729286253
 1.2434494358242745
 1.545084971874736
 1.840622763423391
 2.128896457825359
 2.4087683705085743
 2.679133974894983
 2.9389262614623646
 3.187119948743446
 3.422735529643443
 3.644843137107056
 3.852566213878946
 4.045084971874736
 4.221639627510076
 4.381533400219318
 4.524135262330098
 4.648882429441255
 4.755282581475767
 4.8429158056431545
 4.911436253643443
 4.960573506572389
 4.990133642141358
 5.0
 4.990133642141358
 4.9605735065723895
 4.911436253643443
 4.842915805643155
 4.755282581475768
 4.648882429441258
 4.5241352623301
 4.381533400219321
 4.22163962751008
 4.045084971874738
 3.8525662138789487
 3.644843137107055
 3.422735529643442
 3.1871199487434487
 2.938926261462367
 2.6791339748949863
 2.408768370508581
 2.1288964578253617
 1.840622763423398
 1.545084971874739
 1.2434494358242774
 0.9369065729286197
 0.6266661678215195
 0.3139525976465669
 6.123233995736766e-16
 -0.31395259764656674
 -0.6266661678215214
 -0.9369065729286217
 -1.243449435824273
 -1.5450849718747364
 -1.8406227634233896
 -2.1288964578253635
 -2.408768370508575
 -2.6791339748949823
 -2.938926261462365
 -3.1871199487434483
 -3.4227355296434436
 -3.6448431371070567
 -3.852566213878947
 -4.045084971874736
 -4.221639627510074
 -4.381533400219318
 -4.5241352623300966
 -4.648882429441257
 -4.755282581475767
 -4.8429158056431545
 -4.911436253643443
 -4.960573506572389
 -4.990133642141358
 -5.0
 -4.990133642141358
 -4.9605735065723895
 -4.911436253643443
 -4.842915805643155
 -4.755282581475768
 -4.648882429441258
 -4.524135262330098
 -4.3815334002193165
 -4.221639627510075
 -4.045084971874738
 -3.852566213878948
 -3.644843137107058
 -3.422735529643445
 -3.1871199487434483
 -2.938926261462367
 -2.6791339748949854
 -2.4087683705085805
 -2.128896457825365
 -1.8406227634233894
 -1.5450849718747381
 -1.2434494358242767
 -0.9369065729286279
 -0.6266661678215233
 -0.3139525976465663
 -1.2246467991473533e-15
 0.3139525976465639
 0.6266661678215208
 0.9369065729286253
 1.2434494358242745
 1.545084971874736
 1.840622763423391
 2.128896457825359
 2.4087683705085743
 2.679133974894983
 2.9389262614623646
 3.187119948743446
 3.422735529643443
 3.644843137107056
 3.852566213878946
 4.045084971874736
 4.221639627510076
 4.381533400219318
 4.524135262330098
 4.648882429441255
 4.755282581475767
 4.8429158056431545
 4.911436253643443
 4.960573506572389
 4.990133642141358
 5.0
 4.990133642141358
 4.9605735065723895
 4.911436253643443
 4.842915805643155
 4.755282581475768
 4.648882429441258
 4.5241352623301
 4.381533400219321
 4.22163962751008
 4.045084971874738
 3.8525662138789487
 3.644843137107055
 3.422735529643442
 3.1871199487434487
 2.938926261462367
 2.6791339748949863
 2.408768370508581
 2.1288964578253617
 1.840622763423398
 1.545084971874739
 1.2434494358242774
 0.9369065729286197
 0.6266661678215195
 0.3139525976465669