8.718137562036496
 25.277214109529442
 49.57580840665056
 -23.924137255705574
 -9.685364026115138
 -48.10754718809638
 31.9227494975351
 -40.673883235780565
 33.15407601189198
 -46.00210163873294
 -45.91580308038097
 -22.25554181973348
 -3.5785357680320935
 29.369000111729974
 39.29644125569078
 -21.034760041472065
 27.26356884107543
 34.95922129497749
 -41.97218726308122
 32.50693098626388
 -34.85523765581846
 -6.74281625951625
 -25.289239458874032
 49.79132206202968
 -44.782074831489915
 -4.271760935564856
 41.59266975073622
 17.022052013709924
 26.44783865491246
 -9.175033729796258
 -35.068935411689026
 -1.3328581203719043
 -2.2997505830612903
 -28.130393681737786
 -29.504079684022077
 41.1688452477808
 31.242520799331885
 9.063854414123316
 -33.21441896926824
 8.134903078999406
 47.48708263507863
 -33.33447934300011
 -36.95267411169228
 -8.860776254532828
 41.504007131725764
 -9.054640815962506
 -45.842368765267906
 28.690496992546674
 15.910633916646756
 33.87662155090455
 -16.50919634730903
 17.127471864546262
 46.721942757698805
 43.14431520895786
 13.918021608962803
 -38.58732827026367
 -51.81853002791837
 22.632236617869438
 -30.908082521816905
 -26.00936972981312
 10.255564069994547
 28.501272512070795
 -39.324716487470965
 22.289037282035014
 40.798421383259935
 2.0204304192458764
 1.6270243487944738
 -21.297563879935147
 17.690175271046833
 -28.510036977722738
 -8.578568257537626
 10.115311954046522
 30.10168424079913
 -25.186969082455704
 38.25113930496727
 -2.29683088461546
 10.8417339573097
 32.39193462466841
 -9.24313293325254
 24.789755564567802
 -17.63733775884124
 9.620370347576698
 15.803835062776322
 -8.105621918996988
 9.109811210617844
 14.503643667520597
 45.13142118096337
 44.60676097633818
 0.7578579547466919
 26.649783918084406
 33.44820858326267
 33.055630383806076
 -7.7744605455308875
 -47.97589425420533
 -10.8741419386722
 -0.19579773548471202
 22.36065309642532
 -48.71350665306713
 13.062940743089053
 8.876356530055315
 7.900328214106588
 10.890513760949817
 19.07165451005125
 47.16356185317558
 10.467413685833792
 -32.10357499000942
 2.515122309225355
 -42.174238807976096
 -4.065718640642672
 6.593154512542382
 4.6010096338818
 20.419892835551916
 -40.55583746045588
 17.125332637243236
 -24.766277789451873
 -39.640798433038164
 -27.268494795254092
 37.23972785460705
 -12.80073341850042
 -21.931457475573765
 39.75600692054597
 26.749640684738626
 -20.23786555300299
 28.058822796382913
 -43.69115908740852
 -8.663466557394315
 -51.26742100634708
 42.67812351418189
 -24.49892293392142
 -15.99981031524764
 24.82868530077127
 24.851831097797472
 34.35541638080914
 17.45647052858022
 -25.221943394317925
 -20.699463899558545
 -16.234185198481132
 -8.3105941533286
 -33.46750925048026
 -12.829711365571956
 -22.98302429892541
 -1.0913019902974428
 -52.10221120184622
 -33.63466162536672
 -40.90893680452716
 29.323563003376414
 40.342060780129216
 -27.047050025790416
 8.053589949103754
 35.08976928110291
 11.263361491471086
 -21.023181784991802
 1.9374404742241418
 20.703570231409504
 35.922094507822436
 41.02477500963091
 36.350354035050664
 -28.93103838277635
 -12.786505569508812
 41.14376611618874
 -7.566801648399538
 -25.83482372995844
 -33.150268512574854
 -39.14929820078612
 -17.400724541105745
 -17.286369102479092
 2.4145000170205257
 49.92723699076402
 15.594299730605691
 -35.261989514806515
 0.0221186892759766
 -39.90895517229225
 7.962801315457404
 -33.64070393791229
 32.326996619058974
 31.64436735706171
 36.983101820487846
 24.609220739083383
 24.205863010277696
 46.12485297200021
 -9.853254117594098
 -36.123231130661694
 -6.068021129725784
 39.96207184026709
 27.81881606493122
 12.82287633861995
 30.311373520053824
 -22.539359940542226
 17.56446525176167
 39.90889905785628
 5.386882233691242
 25.628218343395908
 -44.78076112213704
 2.2436495852650102
 -32.373036754275425
 -43.96866468665813
 46.827246156581666
 -20.545537787659594
 -40.70636188147905
 25.204346425149726
 -45.38484164359778
 -32.21771381198461
 -21.890488303849445
 35.69743783906894
 33.94433823710207
 -35.054079300533324
 23.257432567934863
 -39.086754782532026
 -39.8571771958221
 43.244784609117275
 40.97488179331811
 -13.205092313099367
 41.204014382193876
 28.815081367408542
 -25.22354391070318
 -31.51418295400248
 -20.119849677108455
 -15.854581465879079
 -48.711378412957195
 41.58528186420142
 -4.198403696423511
 -39.76685983575442
 0.09871019239098278
 29.351040617477167
 -1.1463004886807928
 -48.13459750291258
 19.053883660225026
 -10.170244671276963
 24.19369004878304
 28.471151187903832
 -36.29410778864149
 37.365391629047934
 -41.77732009002343
 13.380596436513011
 -37.84452365162312
 25.153948537528613
 -50.951504157970916
 -8.285709721433909
 -7.644510064423853
 37.019552994073045
 -13.9118961442617
 16.692552562989373
 -43.56424333481673
 -22.91458913346532
 17.327336728055705
 -47.485170779773284
 11.042362263892079
 41.854051560114634
 -19.638045207666334
 7.821282941620313
 -44.90809232570494
 -44.851782490292535
 23.155768589473293
 24.14239594605134
 -4.332931768780398
 -19.566220692428136
 29.74494475205025
 48.7447704109823
 -38.34772624176947
 -23.522415052532335
 38.878880504949656
 -40.518769490322086
 20.996838808235207
 41.838802570618824
 34.71555808576146
 7.863804979311773
 28.55146193619311
 26.85928503237796
 -33.75526219388414
 -37.726254376502
 -39.01286631447873
 13.510855611819405
 -41.61836088807086
 23.18198105649401
 47.911911100501385
 -5.723271127970314
 -21.26567934278971
 -18.959267354216266
 -43.85466923285911
 38.63711995627179
 -13.957206617345246
 47.87123518061877
 32.96876730512101
 40.76481444289542
 28.15817453429704
 -13.020783571447131
 -35.58563997163342
 -22.327615734404784
 40.68629492625934
 11.702188240167947
 49.52081321566051
 -13.40716312658021
 38.12051419791456
 13.260595315939263
 -26.174191334605954
 -8.971727118578702
 43.995313413777765
 -11.755779921503198
 41.71989533441842
 7.580472417877976
 -8.604704030247866
 10.888516737246137
 -12.48306495949063
 33.38220641982295
 39.64468887809751
 -34.63278343501654
 -36.154747820982685
 -0.48951812352231716
 10.163017508316308
 -40.22798084080611
 -6.081749101365391
 24.167691673513087
 2.050340405558589
 -48.40055138583338
 -14.467366466940145
 -9.19567207737272
 -0.014230131406089086
 43.24925426642124
 31.226472632923453
 -19.35705699071626
 44.17166095070469
 11.606504945550487
 3.288909596862468
 13.083266192395001
 -19.419307649918316
 -2.894533133453187
 38.32890608321141
 40.27004961531925
 -17.268284546511808
 16.441772832807207
 20.79044078373775
 23.242454560635792
 40.418422829911044
 -39.5463177290378
 -11.00265073452761
 -3.1127442569431256
 24.32419348010239
 -19.545630826120387
 8.93952373930921
 -27.32689194319669
 -3.0026009506329423
 4.248075292214497
 -34.545858379274115
 19.352407940151092
 16.978854888489302
 31.57682822526541
 26.165640670512797
 -22.44723819528722
 -29.640320576715396
 10.452927768667426
 -30.867557545040082
 5.334923364443094
 39.05876438930698
 23.105705465916476
 12.374880601325366
 -39.61549991992117
 4.320029386157281
 -24.918718385624793
 2.948553361811512
 -18.504031962880855
 -22.477309233299145
 3.4846780475065438
 25.484129037454476
 22.56733718797197
 -10.825660811860386
 30.513518315129907
 10.915455914862005
 -36.43910243583924
 29.535512515195414
 -9.674901430525413
 51.35405698800557
 52.35061996634507
 -30.394547674881025
 -5.282466723372742
 15.704504842221581
 3.202668562081996
 -15.566617432314345
 22.765435807134523
 22.510519001884575
 37.4557953524169
 53.95223785908004
 44.379862405025705
 -27.788301188093563
 -31.426243089361197
 -28.063225296777127
 -19.69019665071955
 -17.70792154925629
 -15.082153639896235
 -16.399573296539902
 -31.928977759758578
 13.634679546122182
 -22.000049361260523
 9.928315926271543
 -29.28652581952916
 43.10872157558664
 -2.880115048397177
 -10.436591912674647
 37.22299749330308
 -37.70274088816988
 -9.010862861076271
 40.65563827215935
 24.132867976462745
 -24.36830752065319
 -15.404293429125504
 0.9813313266975798
 37.454589079899485
 -49.479306036789616
 35.33623128791531
 -10.98898723900971
 46.00428568745211
 -14.677904979019212
 3.020938987121741
 -41.25824064582165
 -7.916717455446719
 29.577802506018497
 -15.698854986105296
 38.925813186059216
 34.35145767146384
 -25.864272862811376
 -28.7352342091708
 -17.9773124293838
 -14.180326253570609
 38.638159563407214
 4.629089246550953
 21.537378097237223
 -38.16030363745958
 43.54765023816809
 10.446351180625909
 42.618357575158086
 -3.7962313916478543
 4.136570403178844
 -12.588563430360807
 1.613547879724841
 -46.57690646685231
 -19.74758918188957
 39.84236676354762
 -39.20208451659187
 12.872966142973342
 -8.339827271098207
 -39.647054029780925
 -29.970450973136128
 12.24041160715468
 46.89604499425681
 -42.77509758255064
 4.838386548084203
 9.64852670122586
 6.016475062931098
 -4.25886142923769
 -6.587390415835107
 30.638297647487004
 18.697193114438278
 -30.37948870141369
 29.658180293939207
 -42.31586437107996
 16.875913818241756
 17.407910066581643
 -47.31297978628536
 -47.792933514119554
 -36.93279953298349
 -2.642270049560947
 -43.422016884299936
 14.020360389494614
 -9.063785901176711
 53.33086907042086
 41.14321726776947
 -40.237870284755395
 5.302227443002092
 6.745681046246979
 -22.228178464624005
 -16.00010894899299
 -26.462410576158295
 48.43037566389406
 4.108543401826281
 26.222793358340482
 -26.060135382623116
 33.95895465627369
 -1.1202618272718974
 -0.029959430656921526
 5.624793280774177
 13.016233135899814
 34.97855318361853
 -14.921173429273384
 0.4030179505289073
 -36.814877620171046
 52.92396715064195
 33.22351341758425
 42.42085393417343
 -31.967526057943385
 -23.537915905268342
 18.89339078129547
 12.673589512674052
 -42.174037837025026
 -14.8322995615115
 45.02886248185729
 28.058228400188867
 -47.37598738579247
 -23.05361185699521
 -1.14173665228551
 7.507027587399386
 3.9725881554557723
 -23.929333763780225
 44.7777821620841
 -25.797634009865366
 31.920390455466123
 24.388037384222784
 23.131455013804505
 28.103462737698372
 -39.92344472982447
 40.314797027013874
 10.676611643239768
 -3.716629231088466
 52.75810876681013
 3.1551891045932514
 -39.71232040176831
 -17.266659778797916
 -20.203291626295005
 -0.2727445444377743
 6.3695885439030135
 14.30677922170971
 -2.144772610191909
 -37.96766674425868
 6.359221341427531
 -26.60670944186859
 -36.10784071524802
 29.775690584797246
 36.89198480149618
 54.32688931713993
 2.355565613061274
 18.96425645757303
 -27.810208491443493
 54.40260710665103
 37.11746465466999
 -25.039386776056993
 24.566716301660385
 -9.183948241608345
 -28.228357123663827
 19.524007843817714
 -21.20351093706807
 37.289723590479625
 50.17688266660449
 -15.17227765498205
 24.068127998486464
 13.043507179669131
 25.199636767810418
 -13.419556624432545
 47.06334513701244
 7.733176459445872
 -11.86060783709725
 -32.36739660928149
 9.822727012292239
 17.872816394007145
 11.3310111398595
 26.951489029797532
 47.68633997379463
 -16.50585777255501
 -22.893070404723357
 -15.468114614239491
 20.713630977708164
 -10.848213685734954
 -42.52434843521944
 -5.199256224644701
 -14.055336559778421
 -50.53127123540492
 -17.2427888331119
 -45.548599905296044
 34.812014383068096
 -11.914282028251552
 3.774699333081351
 32.484553692144566
 -4.017345525843315
 3.8056562579753725
 38.224800334506575
 29.762279533464664
 25.345723590640148
 -5.217475293338594
 -9.715101788254863
 38.00120001001537
 -17.458471024182877
 -3.088032421623665
 -26.97231780751658
 7.061430310169783
 -12.157566528747699
 -0.1526809749029221
 43.066269109339096
 39.22929488724942
 -36.3664085309892
 -33.332965937014045
 -21.32424297218232
 -41.3090567813938
 -1.7750047172307477
 13.805042816069236
 30.81514930060355
 30.858253017675743
 44.3670125929456
 -33.953900878224445
 22.02119393883637
 20.707697889049808
 -26.531021722219833
 -50.43172487836156
 -43.41359396960355
 -46.67497489088862
 8.062113908561633
 27.161590424721535
 30.410145828675173
 -40.06581873184237
 -43.52610103635041
 -39.26017779554241
 -27.830979997347157
 -37.08356887224541
 -4.8004650319878035
 -2.627412624900633
 -15.818524502010899
 3.5324237714643694
 32.04398119969375
 41.836868772787184
 -28.205850466153535
 -41.71822324111207
 -21.195293276707105
 -45.438196103198116
 38.3276041213462
 -22.89447118033056
 -40.62384634419453
 -44.822810308669915
 -27.45498021775174
 52.137531234996885
 12.828686290880192
 7.164603797610183
 4.783329839573065
 -18.07336517193836
 28.198722324441317
 42.05070528389233
 -26.27205586178956
 2.203266609471668
 48.530290262924574
 16.612998148062804
 -23.44948276457759
 33.98309702221023
 18.711103806681233
 34.420857597383915
 -3.8617389928720502
 -44.776464010460835
 -40.88425079313049
 -6.541652263323376
 36.33146641553854
 -42.34050798554819
 -45.34340862876928
 -16.234556801233843
 -9.130660409868137
 -48.51757647852905
 -14.597439908249003
 43.235062946433956
 49.65367894394861
 43.277651373087075
 5.790119650706256
 -24.12773899425309
 46.059387211089906
 14.129762234564145
 6.937733978338395
 40.85335701394816
 23.66285681926165
 -7.58015361609622
 5.219808262305352
 -2.4978157756191846
 27.84812511783034
 -32.261924179821385
 -6.603207551883095
 -9.988715078555142
 1.7167338357443427
 -41.27780355536197
 -50.02564778016849
 14.85128315454378
 -21.778664447561727
 -4.776201334391785
 39.548904585591345
 0.3570739834501291
 -8.792867778517518
 -48.778411506618845
 -20.75298353721277
 -16.98291120457609
 -14.455226087688768
 5.1749908408399605
 -14.83912868698543
 -19.61474613307861
 27.69567878106583
 23.92359095283806
 -49.62344487031696
 -49.13631480979747
 -50.76644215866742
 -2.2265258121564298
 -25.738097649314586
 30.851293603522894
 19.301715933837016
 11.586987391756862
 29.25410919541403
 12.357741205524352
 27.723094104501136
 -46.44841112569051
 -43.20183399497654
 29.39512846890921
 -50.22092822186033
 -9.458132394943242
 -13.303117340056476
 -23.702006240207794
 20.498990955392774
 47.2599351164464
 22.799074038170268
 -24.020598525459494
 49.218494883157376
 9.022607268044796
 -21.283045802696744
 -38.18114405685525
 -21.147970858864014
 -4.21451457313076
 -17.004321816779644
 42.89704373667276
 23.80001878843499
 30.01269841547165
 -43.42060438275437
 -23.094852329467376
 50.266301439494114
 -19.442388127207504
 15.122531569313654
 5.596694914396649
 -3.8401574945507857
 -25.778050756341198
 18.20421941396134
 -40.5122322320952
 12.416373855795854
 28.099600162482105
 0.40432622754186287
 13.519522650130185
 47.36107588855201
 23.2176597799349
 0.7460128095719147
 -21.38476924881372
 -18.34229045087744
 36.59035503163663
 28.231674598911933
 35.56455381357647
 7.331131722257373
 -41.08329497849757
 -21.42633265466021
 29.118173857264264
 31.99111442481211
 -32.9760644344448
 -10.583928373259097
 3.2972043785747256
 49.41001767452021
 -6.191583130919408
 5.912486383919329
 -15.240233489703584
 -32.3634643503768
 -7.949290485832402
 6.581547519349822
 14.285936012368737
 -27.444945723842736
 -14.27142282456177
 20.709497395378477
 -8.319020614539717
 45.689367582479036
 25.790417599673297
 46.06370564073844
 -36.39972885486346
 -21.80756901073675
 35.029730414439626
 43.094986206883185
 43.17167125680192
 -33.17006321654986
 -15.393955065051067
 -0.34933607273326306
 36.14919744941494
 -16.32873149982773
 -8.66281973266345
 -1.6232140673020163
 2.493116946178021
 -31.011518762988374
 -50.25098680114394
 -45.22250047454971
 -41.903649135901524
 -29.06978107009812
 0.6727039385472509
 -32.460568405440924
 37.863403036569274
 17.083481088885485
 -20.152322540501345
 16.386752530207012
 -3.735495612865382
 -31.642863813169257
 -37.82345734840911
 -7.299651964847624
 33.06554950427176
 -24.52368373297848
 -11.031435690713943
 3.2417510475143505
 -6.752811419361127
 18.964883069139496
 18.32961138180823
 -39.36525988207688
 15.73523010273904
 3.859579148791762
 -7.699133502670427
 42.55077384114758
 -42.489127966361856
 46.68665216767606
 -1.697636199948674
 36.634970702089866
 33.04155942216409
 5.0114820870257395
 22.686321263130885
 28.407513801484228
 5.441608670636084
 4.46307570930347
 38.91341561101764
 -33.70246957943222
 7.465915540209058
 -44.22377327525566
 13.900823951274829
 42.612783242586595
 27.5326832219912
 9.802410852761582
 -26.715528018257977
 -9.794759482578467
 15.231565278585919
 -46.3134365035892
 10.233133268135944
 -39.38472190906356
 -34.33033629560149
 13.978444736262487
 -17.478910954214243
 -49.68759174425061
 36.67165280911745
 -26.491618403609163
 -38.60349081655379
 -28.2212856074998
 44.95318787810828
 -3.1164588211884965
 -51.68461634083815
 -29.586520554431594
 31.9939334281285
 -39.445967521920174
 -21.968397576529636
 30.610558374841286
 -42.04406450532038
 -27.61645549736835
 -11.794764832898615
 36.914386009814656
 33.62286612560318
 -1.2857156047051037
 -18.23002845434768
 25.595551177567213
 -34.40190417176102
 16.81562868351165
 27.491224743173557
 1.2969028395878062
 -36.41860980760059
 -46.37768210588606
 -43.43072482870049
 -0.6043540147835138
 -22.348527769588067
 -35.5911361623606
 18.961707406597093
 18.873652173419007
 9.498710946106417
 53.18696653082374
 -35.215689748270165
 20.296726132179167
 -16.30394903339525
 -30.620802181953778
 35.95535821283192
 51.993508247046435
 43.2790883559812
 -35.72019304964246
 5.76924379143061
 15.848832337000864
 38.711235261907035
 8.735859258980867
 33.47671305005001
 -44.283135368081695
 44.49541505119291
 25.74211021277328
 31.02570707968036
 -13.904673249416277
 -17.295500583400845
 1.5178953364421046
 36.28844862139747
 -8.958560810301902
 38.92495510163592
 -4.145909127957074
 -12.39704053287056
 53.17923726157712
 26.95304212960823
 -21.615961490527567
 -23.39683551791474
 -23.30613851177567
 -3.574657606113404
 45.177022471173565
 -2.772560050213362
 46.795726229712685
 -43.31539553414298
 -32.892285530452085
 -17.496141607918872
 -36.001581848616546
 9.083458808613653
 22.71748581712761
 -8.243368174002617
 45.350859331788435
 -42.273536912262266
 -45.86973926027102
 -3.4440038108755076
 4.031114260098503
 4.143340896011912
 25.488485198577248
 -48.454079058379136
 -19.021682450758025
 -35.14867258843672
 -26.54872364842942
 1.9190097546033638
 41.014295670526586
 -41.29014452108686
 -41.44651855893727
 -26.221850386547292
 40.88346640813237
 3.904191756386255
 -28.961379882238248
 -15.915970987529057
 -46.4782194159471
 -12.97477612621406
 43.77553454695992
 12.593750147765292
 2.062339783250909
 -54.32145025186241
 32.514397705318345
 37.306948170247686
 44.9313736454824
 -0.9345259349004946
 -51.39129084486955
 -21.224624745270656
 35.8646539264481
 -19.622038124420925
 19.544574782502348
 -12.120058084456918
 -44.57956554238435
 -21.129293229814948
 32.938928569535705
 44.47713559122737
 29.83220122649488
 -29.220615564727918
 41.33463034093406
 -26.36738716193897
 35.82557352916594
 31.677569533666897
 -12.500453453609436
 -36.960814425073984
 5.8422444443307855
 50.67369941125473
 -35.68442666079388
 -40.4964590853857
 -11.054322449651668
 -35.02997243294814
 -26.70367738142373
 -44.78040040823782
 -0.7050675524768102
 8.224220565591995
 28.978005190407014
 11.735348346024454
 27.652388149501512
 27.860478119992795
 37.978885586570364
 43.30917240315521
 -17.54796978248914
 -31.748172961539503
 9.187537381609442
 49.19056707921368
 8.304996148592863
 -38.2124104941508
 27.451143071627016
 39.673670116259245
 41.76067333135755
 9.783610413897264
 -9.938373029761816
 1.9083079320061742
 9.528947551047061
 34.783745943341906
 40.18395262379459
 41.82170402275512
 46.75228840095229
 -31.37543873126401
 -8.375001495662437
 -36.39394121640716
 16.379454559616438
 7.365109613214333
 0.6204594313954015
 14.128371264089443
 45.31593489855108
 8.557157631999125
 -1.6372612557329704
 -42.389897658199914
 -32.17331328933285
 -47.21552043762054
 -38.4711271017313